44 4444444444 ET 4444444444. 239

κί4141415433, 22. 26. μόδιος μέγας 34, 4.
34444444 444 444. ,15311322

κοδράντης 32, 21.
Κοίλη 11, 16. 4144144444 26, 3. 3,1 22.

1611443444 26, 3. 31, 6. Ν44441444144’ 4 πρὸς Ἀχιῐᾳ 22 46
“39⁰5 1141901 25, 28. 26, 7. νοήματα στοιχείων 7, 6
301611 211. 4. 31, 30. Νουμᾶς 33,16

κραταιὸς διωγμός 24, 24 ν44μ14433,16,

21330526,3 31, 32,

litt-'notat 26, 21. 30. 31 4411141 26, 5 32,.5

ιη’-44444 261. 311. 4144414145, 36. 21, 14.
Κωνστάντιοι 26, 31. 6434164· 33, 1

4444444444 6,16
444 414γὶ41444 16, 9. 31444 32, 311.

:147er 4444444444 ἐν Ἀλεξανδρείᾳ 3,,44444444444444444 36, 23.

Δ111,11. ὀξεῖα προσῳδὶα 3,19.

λειριῑνοὶι, 33⁹33⁰⁴13333520 037733 32, 24. 33, 5. 1 11.θ

mk? 11516 4144ρ44ν14444 21, 21
ὄψόθαφον 321.

{3316313 3444444146, 26
ςναιιον 32, 11.

141444· 21. 4441414444 6,111.

{33,169. 1144ιέ4444441114445414444444141 8, 2.
4444444454· 19, 26. 21, 18. 4444ρ444444· ’,12 1.

4444444444 ,3441414444 16, 26 3443444443245, 16.

444114, 444. 44.

333333127357371701071052624. 44444444444444ρ444444444 1, 30.
13313333... 44. 4344141444.

1154444443 31, 33. περισπωμένη προσῳδία 3, 26.
4441444142 31, 32. πικρανθιὶς 444 διάνοιαν 18, 26.
ziffgaezffieffilgffi 444444464444443064 214. 9

1111114144· 26,1. 5. 31, 11. πολυπειρία 34.

3444444444 33, 12. μνᾶς (μνᾶ) 4444444444ρ444ν3311,24 4
144414143313. ρ4441444444ν16,29 19, 22.
44444466334124· 444 4444444363 4449 4114444 414 4ρ44

μ1414 30, 3. 4444 41444ρὶ4443 8.

44134444, τό, 31121. μόδιοι 30, προχρ444ιιίζ44344 189.

3, 5. ἀπὸ πρ4413446, 36.

μόδιος 26, 1. 29. 36 32. 33. 21, 1144144444144 3 τοῦ Ἀλεξάνδρου
38. 11. 39,1. 4164144464 15, 33.

 

